-140314936.07
5347228.11
-245924614.28
-56804407.60
-28547346.93
99833853.08
196826034.64
-107392888.28
-99014339.98
30937216.19
163457159.75
144120221.55
-9461760.06
194975821.08
95294140.25
-139565467.68
38783945.96
-247754791.60
-236801989.06
143159549.55
171402686.84
-33567005.90
-153475384.19
171568045.85
30747022.51
-22653125.54
33892839.38
136334279.19
12883454.61
55707634.93
154048357.14
-61975859.78
-148672202.50
120102070.44
275698090.13
-243921084.39
10728401.78
-183906871.68
175559106.98
-29911031.85
-161781311.03
-111998310.84
-143734041.19
-12613986.95
-8831596.02
180462590.25
-280673173.97
-186617348.36
-40084571.86
-1282560.39
-3604557.10
-132546780.62
-495284930.96
137424899.91
65113520.13
126291869.96
-3809703.72
5320365.32
-34517080.40
-19570566.08
117734305.86
57598978.16
4444190.38
311261944.27
-75844427.21
246628959.78
183433718.00
-185259289.02
93824983.19
-247304845.62
426224869.89
-3510527.64
317077367.48
-112278301.25
-155758813.16
-59049513.25
-134501565.19
-96091377.17
172361474.17
47574996.24
144496084.04
-306970050.79
-21973561.90
54255872.42
-28364772.43
-217384377.47
239537637.00
-227773568.86
-25563138.21
212612083.05
371789774.93
225045780.75
72080312.76
