14679,13141,9830,14335,17621,14096,12404,13520,8663,8788,8368,18096,7429,10441,7152,8611,10562,16689,18748,10234,18160,16700,17228.5,13891,8107,3898,17102
19131,2304,6219,16427,8178,8296,14597,17129,12735,12483,16702,13509,18424,15794,16901.0,4010,11348,16770,21820.5,10101,10802,15901,13696
7784,18756,6366,14571,13689,18139,18126,11846,17140,18483,12939,9400,18574,12454,11376,10674,11555,13213,16092.5,19587,13376,15367,13910,7318,9061,5479,13387,18591,14382,6762,11236,14633,11913.0,15846,11541,9019,8932,14301,9278,7937,960
16141,19847,16665,12934,15738,6921,1533,18178,1323,19387,9577,12809.0,4751,13824.5,18147,10115,16977,15320,6620,8318,8450.5,10139,18827,13122,15570,7643,15492,9896,18519,25495.5,13953,18422,8650,18995,10981,12669,14140.5,3198,10042,8213,10600,14016,6992,10205,18048
2729,11902,13391,11604,15828,15100,10807,15280,12869,12666,16033,17942,8140,18979,13334,9668,14675.5,10015,11857.0,12816,19362,10294,19789
16789,13064,16217,16028,17681,14041,6092,10305,10324,11936,18184,14840,14047,9466,13478,9794,7808,7139,7476,14034.5,13117,14011.5,13954,10384,18259,21553.5,6589,8377,13486,13635.5,14425,12191,228,14506
10649,16585,6774,1950,9820,17316,12620,9538,8699,5573,9000,10836.5,14948,16975,9341,17247.5,15813,9031,17472,14063
17001,11055,19971,7376,15280,16636,15939,13459,6928,7526,8940.0,3198,14195,13670,16651,14085,17675,15926,14390,10575,19933,14818,17707
14617,14542,7095,19474,13459,15787,10880,16526,10410,2364,6843,11627,12031,2712,7374,10997,9365,14943,2976,10410.0,12142,13581,11021,15723,15853,13521,8721,13717,9098,18425.0,18654,18909,1251,19017,7589.0,6796,15619,15397,14319,7388,15256,6885,18250,14027,5803,13089,18961,18544,24145.5,11203,8426,12301,19058,8557,6871,9230,14537,7047,15561,10382
8851,4714,10570,10334,16221,16694,17045,6669,13175,19380.5,12411,13209,14134,828.0,13090,13881,16509,19360,11567,17388,17680.0,11967,16957,6984,15639,8171,14534,22734.0,16400,8199,11924,19238,2365,12188,7954,1023,1983,18319,11888,7272,16555,19926,19865,12224,11590,13794,10865,10112,10245,12415
8580,7369,18569,8327,6871,16118,13315,9996,9260,5272,14626,12925,16999.0,8148,19922,15489,16480,13430,11351,12825.5,14039,18814,24035.0,10442,10292,15014,18662,19025.0,16634,19279.0,3861,18205,17956,7544,19151,14904,16049,14602,7832,17316,17168,7500,7019,1480,17732,3121,17444
13686,13199,14217,15276,7195,1852,7382,16445,25171.5,17453,14523,5648,8219,18049,24004.0,11910,19355.0,14890,9231,16052,7925,19462,11824,16191
8120,11867,15122,19053,19920,5066,14204,17351,13580,9116,11873,8360,13153,15244,14455,17772,16360,14621,9076,17492,2601,16634,10131,5918,10504,7041,9324,10014,7900,9460,11403.5,12411,15066,452,6621,15448,12938,12685,17810,14924,9886
8262,10291,2563,13863,15405,13032,17721,7214,9478,14186.5,9417,18738,16466,13654,17598,18102,14976,13555,12672,10089,14369,15255,17828.0,554,11697,19019,7955,16630,14327,12599,13705,15421,15841,19478,1777
8557,8311,19997,18076,13821,16298,12124,4377,13821,9213,17487,13583,8396,14562,9662,19857,14122,16019,12231,17255,19695,10621,19823,14287,8056,10652.0,13694,14458,17084,18736,9459,16394,16427,19295,6329
16566,10481,10486,15757,19321,12093,17026,12932,14587,19217,3665,7216,16941,5975,13209,18314,16744,15310,14267,6230,15553,14941,12805,16212,16883,3483
10457,7121,1939,18645,8166,13328,17082,17225,13431,10508,14961,13982,17746,18159,9306,4841,10782,12896,13502,3821,14718,10578,14349,10643
12558,17578,18255,10859,11534,19929,7794,18803,19661,10929,16096.5,10335,17046,7842,3423,4581,4208,11457,5516.5,6560,12677.5,12235,16941,12744,8261,9667,11150.0,8349,10113,8965,9137,10446,10377,19513,14877,10016,11573.0,18335,9203,10555,19335,14890,16764,9531,15989,7598,11436,8923,2262,19376,18258,11521,1869
10352,10150,9002,17938,14097,11652,7660,15493.0,15666,21343.5,11355,10646,3722,14929,8412,15575,14599,20741.0,12284,19919,639,13221,10353,10967,13152,4457,13384,5354,19234
7625,12161,13113,8045,1338,17393,798,6887,8475,2409,19728,27375.5,15295,18720,16773,11496,18663,6683,8685,9331,11681,13708,14284,19659,242,15764,17402,7955,13066,15075,14797,14536,15736,12542,11608,15948,18145,9651,11201,16168.5,9935,18175,11782,19362.5,15161,16012,15549,10801,7681,10758,8801,15808,11460,11434,17769,9624,7319,15713,6956
13481,13819,1592,6338,8377,2404,10347,7955,10922,9397,11749.0,15916,10999,17926,18708,14929,9671,18527,772,14593,7828,8483,12024
10590,2464,8019,11935,9898,10181,13682,10315,16155,20362.5,8415,17204,7191,4456,16792,8455,9416
11600,11144,19242,11456,7345,18458,17316,16694,7522,13647,15244,10211,11381,17968.5,13175,15178,13525,2248,14615,8906,15231,12580,15292.5,18759,15168,12414,9469,19992,7602,1868,17989,7785,12520.0,9470,13139.5,7339,19847,13075,18914.0,11678,19881,4916,7118,8577,14495,16367.0,6302,16592,4435,2444,18874,9236,15305,16300,13449,10390,19093,18999
13764,11244,17744,10922,18066,17691,1912,18317,11923,10007,15776,9092,13612,16219,18710,19851.0,10189,18036,12074,10277,12737,11198,13728,9396,12753,6056,10933,15370,16234,3213,6724,10613,11538,13458,11997,16486.0,8978,13083,17717,15473,19604,3456,18876,14462,6566,13970,14346,17933,17774,17774,11604,16341,9569,9710,17743,8850,7781,13807.5,17865,19971,5582,6916
7037,18808,18559,19107,4804,8302,12236,8055,17955,17414,8384,17449,16491,13976,15685,6807,16386,11968,8684,11151,19517,6674,12403,2664,18025,24409.0,12768,18610,5700,7142,17343,6709,18987,17545,8676,16863,18628,9355,9421,4483,4213,16534,23196.5,13325,1076,9232,5237,12370,19605,17499,8828,18892
12607,15588,6973,17933,9031,16636,15071,10614,6918,12103.0,10370,2243,2384,8786,16178,7497,19888,300,9792,10493,18324,978,18013,22397.5,8769,3573.5,11049,19784,7677.5,13049,12732,10069,7676,13235
7471,16705,7410,7124,19592,15815,7342,7760,6982,17599,17807,14155,11751,16087,16536,18388,14538,13364
9628,19898,9842,7121,17778,9602,14832,9712,8125,17493,8037,18077,19826.5,7296,8121,12385,14727,16912.0,19031,22201.0,12585,15803,12548,7895,147,6496,19162,9766,12795.5,12337,4629,8493.0,16962,22077.0,10230,10937,17981,19146,10784,16447.5,11327,18683,25043.5,12721,5254,7198,12447,7444,7875,11492,17561,17808,17677
15544,7315,6657,17561,9204,12223,16164,11943,14205,6830,9407,17621,12716,7295,18554,14875,16592,3553,16468,14659,6836
19506,14180,13597,7231,17222,13920,6888,10757,19455,16601,8121,17867,19229,13144,16707,12845,8441,11975,12424,18194,5092,11735,9689,9296,14228.5,9865,6425,8149,15866,8784,16838,16922,16789
1893,8363,11884,11521,7776,9850,14699,11136,16669,16079,19023,6637,7550,18927,12099,11101,7344,8845,12293,16570,7640
16958,15252,9765,18245,7151,13806,14934,4251,7574,15589,8051,12577,11802,15949,15726,18766.5,17465,13931,16757,17169,17725,12204,10179,9470,7435,3662,3652,6571.5,5048,2448,9030,15171.5,12283,13509,8230,8769,19229,10171,11080,17632,11108,7871,8579,9933,19556,14214,13710,15442
12846,17399,13193,10539,15888,8397,18063,13317,11793,18641,12714,19936,24881.5,9891,7732,13976,13021,7484,8790,16157.0,14734,13230,9943,12610,16608.5,7997,12178,17500,9787,8015.5,9015,10247,15105,19278,9149,267,19921,13516,17229,13199,12934,10907,11433,15917,19100,28685.0,19170,7036,8768,14944,12460,16827,14351,17766,10477,14162,18323,9732,13816,17028
17814,10947,3542,1811,1034,12634,8705,13359,7193,14162,17846,14790,11736,12546,18976,15020,13280,7875,8713.5,8806,19959,27233.0,14548,15303,19863,10289,17274
12548,13839,9882,18080,5422,15987,19891,17677,16645,16907,13962,9285,16446,17956.0,9635,12860,15677,3775,14652,17670,7472,17614,7505,13800,8495,14704,13445,7153,19565,20949.5,13560,11266,19440.0,16348,5596,8893,19007,76,17014,10661,13844,12847,16262,19889,17513,14803,11688,448
13700,12578,6520,19540,14501,19104,10316,16991,7038,16682.0,19288,13038,14676,18631,19098,10195,10750.5,2969,17250,12848,9089,19484,16998,7242,10582,16019,14018,17327.0,6618,18028,19030,9015,12390,10362,805,15103,17424,11655,7878,2770,672,18259,1450,10813.0,18726,16423,8642,16606,11926,14965,8657,9027,16299,13617,19447
16616,537,520,13508,7923,8166,19051,5419,14584,4182,19266,9579,11951,19394,11913,2180,13665,6602,18183,10732,7377,16195,9848,9862,12707,13679,15611,17421,9432,17534,11197,15303,10125,6584,18192,12211,7682,7020
16938,7755,6762,14607,18604,8741,12985,19225,11028,1551,16930,12736,18660,9344,13126.5,7565,18630,6649,5798,9199,8028,16922,14626,9866,8709,12768,6804,19382,2114,7277,7260.0,9125,6762,10762,7642.5,4264,7732,16743,4829,9709,10222,10922,11219,15959,14410,19647
9042,17151,10217,9694,14580,19271,10407,13623,17684,7102,9681,2846,10230,5669,7758,13831.0,12146,17776,8828,18759,10233,12410,19890,14263,4379,8923,6693,17112,12092,18026,19723,17079,16994,4470,19374
10625,9805,6133,17966,15837,11163,13428,13607,17294,1282,11216,13962,7797,8804,12445,12434,4030,14690,14605,11520,11262,17319,22296.5,9955,12599,11239,11522.5,16498,10832,7432,17111,18374,23657.0,10566,8000,19251,19132,19262,2662,11354,19154,6705,15628,6806,16277
19502,5128,10858,15050,17258,16120,18051,13129,19805,12979,15461,16962,18326,19632,10971,14729,8616,18200,6632,7438,13416,17435,9542,1666,10728.5,18125,19157,10875,15955,19110,12020,17564,9158,13989
11030,4509,13650,14706,12606,14674,1333,13973,19261,15287,13892,835,18491,17559,15184,15391,8048,13258,17689,13151,17005,19360,10113,15429,15544,19476,3213,8478,8614,8405,13663.5,10517,9334,10246,15694,11040,15836,16071,19908,3250,11298,17210.0,11824,8613,16598.0,15970,10012,3208,13236,11745,2705
18199,9225,16177,17140,12741,767,6875,19193,9732,10973.5,17643,11041,20939.0,19796,14083,9532,15454,8111,11696,3761,5432,19793,13525,11156,12989.0,5113.0,16886,8570,15133,14327,14873,10775,14829,12489,13361.0,9625,10079,11173,12992,6683.5,10210,17073,4028,10705,8683,8421
10624,5757,6738,8602,11140,9068,19224,9318,14484,12064,11579,15946,12441,9949,5532,15067,17420.5,4496,3179
8356,6557,12489,12737,4062,14977,18592,6643,9040,3221,17898,11743,10994,17953.0,13918,16422,8811,11830,18089,8957,14480,22535.0,16110,9952,14448,18576,17454,5323,2487,11654,17130,15201
19258,14681,14864,8679,15520,13016,16827,7262,10508,12045,15424,1052,16151,14362.0,18234,18919,7026,14282,16485,7493,13,11687,596,10248,14551.5,8607,15936,9052,3716,12622,16843,3778
9989,17140,14170,12075,11043,8681,19854,8893,16923,24198.0,14550,14339,15395,12859,17235,13522,12823,19685,7208
17393,14516,10614,9770,6616,6986,17925,7309,17051,23293.5,12485,18187,17490,17830,11601.5,15153,14192,7413,8804,10926.0,10201,10758,15587
17743,18385,9677,8030,3610,10172,17153,12135,7355,13269,16318,589,13587,13884,11263,11100,19890,8550,2384,19169,17704,1376,914,6656,16060,6597,5818,13446,12556,16495,4432,14646,19072,15398,20713.0,10630,8933,19868,12979.0,15240,14141,12248,17540,11206,13042,8765,9444,15994,4179.0,7880,19997,18180,9376,10806
6441,10105,10115,10774,19522,14928,14567,11993,5175,7309.0,12876,18880,12344,8936,15829,4059,4512,10487,15083,18523,13726,12007.5,16325,12572,7587,18516,13953,19278,14472
19307,11486,12132,8250,9502,19170,9390,5070,17820,2114,16941,19867,16205,8294,13057,14416,10540,15988,7413,322,11238,13050,8722,18114,12498,8582,13065,14304.0,8133.0,11310,18846,19105,19775,2746,7849,16528,18125,14148,13553,16398,9948,18527,11631,14544
18937,16889,12071,8956,17295,7986,15448,14490,13918,16977,17300,7437.5,8669,8023,17637.5,19229,18628,18764,18858,4966.0,10340,17517,16460,16358,16158,14828,17487,9087,12451.5,6729,15645,3920,17113,13951
18167,13497,12860,12864,10950,17118,9153,687,11464,11892,1934,18472,9070,1097,5007,8507.5,7001,12241,20834.5,17187,14867,16079.5,3237,18012,17045,24722.5,15355,13621,14221,15775,16489,11005,8101
7977,9122,15474,7894,15271,18717,17026,16004,9424,18967,9543,8552,8868,19696,12011,18378.0,12734,17049,14764,8299,16878,18995,12425,16083.0,7316,10424.0,15370,19865,16403,8182,14304,11041,8597,12920,22384.0,18928,10071,2352,9051,18200.5,18299,13120,14809,16563,14681
14729,6960,6747,16020,17706,18411,14273,6986,17894,12677,13103.0,4663,13129,2090,1001,13218,21806.5,17177,14245,1948,10802.0,17708,5972,12945,8756
16231,11859,10740,15670,15139,10866,15619,7261,19422,8296,7473.5,14217,8127,11570,10805,12858,15009,9924,18539
13118,18905,7142,19679,1242,13184,14375,2349,10059,11314,8739,10938,14817,9132,15423,13473,18488,12612,12067,13984.5,17067,18348,6403,19384,6040,8727,6296,15036,18855,13980,15036,13286,8489,11277,11012,11746,18793,18653,7938,13099,12170,8890,10192,13006,13669,17196.5,7055,12902,2539,16021,18783
13357,14260,7344,5035,8775,15082,5614,13285,16269,24637.0,16736,12916,14661,18554.0,7786,10539.5,15021,7933,17390,5538,18124,9779,2831,7939,17612,13472,9408,16174,12334,13643,19449,11680,5233,8179.0,18897,16158,15207,18379,7262,17701
13570,8469,7505,18582,12641,8757,6688,17139,5846,6659,8524.5,14886,9962,12147,9552,16406,6815,13644,15536
12048,17672,10642,10025,15783,19279,17941,15647,6184.5,8997,12378,10732,10277,6906,18646,16373,19324,19533,973,17667,16715,19629.5,17557,6854,7443,395,3249,6950
