14679,955,13141,3697,9830,14335,17621,14096,6534,12404,13520,8663,8788,3677,8368,5043,18096,3203,7429,10441,3521,7152,8611,10562,16689,18748,10234,18160,16700,NA,1057,13891,8107,3249,3898,17102,5909
6356,19131,3494,2304,5166,6219,16427,8178,8296,2439,14597,6210,17129,4102,12735,2998,12483,16702,5458,13509,2765,18424,5643,15794,NA,2214,4010,5859,11348,16770,NA,10101,4340,10802,15901,13696
7784,18756,1089,6366,14571,5330,13689,18139,18126,1069,11846,668,17140,18483,2131,12939,3310,9400,18574,12454,11376,10674,11555,3331,13213,6299,NA,19587,13376,15367,13910,2628,7318,9061,1811,5479,13387,1797,18591,14382,6762,11236,6116,14633,3990,NA,15846,129,11541,9019,8932,14301,9278,7937,5678,960
5780,16141,19847,16665,12934,15738,6921,5190,1533,6341,18178,3006,1323,322,19387,9577,NA,6464,4751,NA,18147,10115,16977,840,15320,6620,8318,3381,NA,10139,18827,13122,15570,7643,15492,35,9896,18519,NA,13953,18422,8650,574,18995,10981,665,12669,NA,2943,3198,10042,8213,10600,14016,2929,6992,10205,18048
1595,2729,11902,13391,11604,524,15828,15100,10807,15280,12869,12666,16033,17942,8140,18979,13334,9668,NA,10015,NA,3684,12816,19362,10294,19789
16789,13064,16217,16028,17681,14041,5598,6092,10305,10324,11936,4577,18184,14840,206,14047,6421,9466,13478,9794,7808,5504,7139,7476,NA,13117,NA,1789,13954,10384,4916,18259,NA,6589,8377,13486,NA,299,14425,12191,5917,228,14506
10649,16585,6774,2233,1950,4044,9820,17316,12620,9538,8699,32,5573,9000,NA,3673,14948,16975,9341,NA,15813,9031,4528,17472,4785,14063
17001,2161,11055,3933,19971,7376,15280,6387,16636,15939,3754,13459,6928,7526,NA,2828,3198,14195,4353,13670,16651,14085,17675,15926,606,14390,10575,19933,14818,17707
14617,14542,7095,19474,13459,15787,4076,10880,16526,10410,5701,2364,6843,3867,11627,12031,5255,2712,7374,2250,10997,9365,4165,14943,3396,2976,4339,NA,12142,13581,11021,6380,15723,1029,15853,13521,8721,13717,9098,NA,18654,109,18909,6404,1251,19017,4191,NA,6796,15619,15397,14319,6256,7388,15256,6552,6885,2740,18250,14027,6389,5803,4213,13089,18961,18544,NA,11203,8426,12301,19058,8557,6871,9230,14537,5738,7047,15561,10382
8851,5790,4714,2262,10570,10334,16221,3638,16694,17045,6472,6669,4950,13175,NA,12411,13209,14134,658,NA,340,13090,13881,16509,4965,19360,1386,11567,17388,NA,584,11967,16957,6984,15639,1985,8171,14534,NA,16400,8199,157,11924,19238,1727,2365,12188,7954,2114,1023,NA,1983,1057,18319,481,11888,7272,16555,4831,19926,19865,12224,11590,13794,10865,10112,10245,5715,12415
1333,8580,7369,168,18569,8327,1910,6871,5304,16118,13315,9996,9260,3039,5272,14626,12925,NA,8148,19922,15489,16480,5961,13430,11351,5806,NA,14039,18814,NA,10442,10292,4362,15014,18662,NA,726,16634,NA,5290,3861,18205,17956,1262,7544,2678,19151,14904,16049,14602,3891,7832,17316,17168,7500,7019,3372,1480,17732,1813,3121,17444,1804
2112,13686,13199,14217,15276,7195,6280,1852,7382,3424,16445,NA,17453,14523,5340,5648,8219,18049,NA,11910,NA,14890,9231,16052,7925,19462,11824,6105,16191,4929
8120,11867,15122,19053,19920,3949,5066,5096,14204,17351,13580,9116,11873,8360,13153,5934,15244,14455,17772,16360,14621,4134,9076,17492,3568,2601,16634,10131,5069,5918,125,10504,7041,2084,9324,10014,7900,9460,NA,3887,12411,15066,892,452,6621,15448,12938,12685,17810,14924,9886,1824
8262,2157,10291,4223,2563,13863,15405,13032,17721,7214,9478,NA,9417,3764,18738,16466,5498,13654,1374,17598,18102,14976,13555,12672,10089,3925,14369,15255,NA,5146,554,11697,19019,7955,595,16630,14327,12599,13705,3024,15421,15841,19478,658,1777
8557,8311,19997,18076,13821,16298,12124,64,4377,13821,9213,2753,17487,13583,8396,14562,9662,19857,14122,16019,12231,17255,19695,10621,5267,19823,14287,6293,8056,NA,5192,13694,14458,17084,18736,9459,16394,16427,19295,52,6329,668
16566,1321,10481,10486,15757,19321,335,12093,17026,12932,14587,857,19217,4476,3665,1909,7216,16941,1403,5975,13209,18314,666,16744,15310,14267,1754,6230,15553,14941,37,12805,16212,16883,1264,3483
10457,7121,4563,1939,18645,727,8166,4587,13328,17082,17225,13431,10508,14961,3040,13982,17746,18159,9306,3492,4841,10782,2815,12896,3210,13502,5528,3821,14718,10578,14349,10643
12558,17578,24,18255,10859,6501,11534,19929,7794,18803,2690,19661,2543,10929,NA,10335,17046,7842,6008,3423,3043,4581,2842,4208,11457,4845,NA,1343,6560,NA,12235,6419,16941,12744,8261,9667,NA,2966,8349,10113,8965,9137,10446,284,10377,19513,14877,10016,NA,3114,18335,9203,10555,19335,14890,16764,9531,15989,5830,7598,11436,8923,3373,2262,19376,18258,2232,11521,2975,1869
4813,10352,6450,10150,9002,4282,17938,14097,11652,6047,7660,NA,15666,NA,11355,10646,3758,3722,14929,3670,8412,1536,15575,14599,NA,12284,19919,903,639,13221,10353,2588,10967,4715,13152,1947,4457,13384,224,5354,1937,19234
7625,406,12161,13113,8045,899,1338,17393,1594,798,5837,6887,2350,8475,494,2409,19728,NA,15295,4367,18720,16773,11496,18663,6683,8685,9331,3212,11681,13708,2321,14284,19659,2854,242,15764,5667,17402,7955,865,13066,15075,14797,14536,15736,12542,11608,15948,18145,9651,1553,11201,NA,9935,18175,11782,NA,15161,16012,15549,10801,7681,10758,8801,15808,11460,11434,4434,17769,476,9624,7319,15713,6956
4699,13481,5006,13819,4764,1592,2292,6338,8377,1264,2404,10347,7955,6010,10922,9397,NA,4704,15916,10999,17926,18708,14929,4002,9671,18527,4080,772,367,14593,7828,8483,12024,2151
10590,2661,2464,8019,11935,9898,3845,10181,13682,10315,16155,NA,8415,17204,7191,5688,4456,2377,16792,8455,2630,9416
165,11600,11144,19242,2208,11456,2085,7345,18458,17316,5478,16694,5162,7522,13647,3750,15244,10211,11381,NA,13175,15178,13525,3479,2248,1218,14615,8906,15231,1053,12580,5913,NA,18759,15168,12414,9469,19992,7602,5957,1868,17989,7785,NA,9470,NA,7339,4198,19847,622,13075,NA,11678,19881,5208,4916,7118,8577,14495,NA,3744,6302,16592,5382,4435,3215,2444,18874,9236,15305,16300,13449,10390,6432,19093,18999
13764,11244,17744,10922,18066,17691,2790,1912,18317,11923,10007,15776,2101,9092,13612,16219,18710,NA,2282,10189,6378,18036,12074,10277,12737,11198,5701,13728,9396,12753,1762,6056,10933,6460,15370,451,16234,524,3213,6724,10613,11538,13458,5007,11997,NA,8978,13083,17717,15473,19604,1181,3456,18876,14462,6566,13970,14346,4005,17933,6328,17774,1715,17774,11604,16341,9569,9710,17743,8850,7781,4875,NA,17865,19971,1265,5582,6916
5993,7037,1411,18808,18559,19107,3025,4804,8302,12236,8055,1886,17955,17414,2800,8384,17449,16491,13976,15685,6807,16386,11968,8684,11151,19517,6674,12403,718,2664,18025,NA,12768,18610,877,5700,7142,6069,17343,6709,18987,1036,17545,8676,16863,18628,9355,9421,4058,4483,1288,4213,16534,NA,13325,1589,1076,1265,9232,5126,5237,714,12370,19605,17499,8828,18892
5348,12607,15588,6973,17933,142,9031,16636,3762,15071,10614,6918,NA,10370,4058,2243,943,2384,8786,16178,2762,7497,2582,19888,1619,300,9792,5584,10493,3718,18324,1805,978,18013,NA,8769,2565,NA,2017,11049,19784,1153,NA,13049,12732,10069,7676,13235
7471,1536,16705,7410,7124,19592,15815,970,7342,7760,6982,17599,705,17807,14155,11751,4297,16087,16536,18388,1725,14538,13364,498
3698,9628,19898,9842,7121,17778,9602,14832,9712,8125,17493,8037,18077,NA,3499,7296,8121,12385,2708,14727,NA,4370,19031,NA,6340,12585,6014,15803,2573,12548,1013,7895,2303,147,548,6496,19162,9766,NA,6059,12337,2075,4629,12,NA,16962,NA,10230,10937,2067,17981,19146,10784,NA,11327,18683,NA,12721,6118,5254,7198,12447,7444,7875,11492,17561,17808,17677
15544,7315,4587,6657,17561,9204,12223,16164,11943,14205,6830,9407,17621,12716,651,7295,18554,14875,16592,3770,3553,16468,14659,6836
19506,14180,5112,13597,7231,17222,6039,13920,4299,6888,10757,19455,16601,8121,2043,17867,19229,13144,16707,12845,8441,11975,12424,18194,4228,5092,11735,786,9689,9296,NA,9865,3718,6425,1948,8149,15866,8784,16838,4263,16922,3861,16789
5627,1893,8363,11884,2874,11521,1498,7776,2776,9850,14699,5751,11136,16669,2495,16079,19023,6637,7550,18927,12099,11101,7344,8845,12293,5313,16570,7640
16958,15252,9765,18245,7151,13806,14934,58,4251,7574,15589,8051,12577,11802,15949,15726,NA,6081,17465,13931,16757,17169,5823,17725,12204,1480,10179,9470,7435,2056,3662,1235,3652,NA,5839,5048,4949,2448,9030,NA,12283,13509,418,8230,8769,460,19229,5811,10171,11080,2733,17632,11108,7871,8579,1127,9933,2014,19556,14214,13710,15442,417
12846,17399,2723,13193,10539,5405,15888,475,8397,18063,13317,11793,18641,12714,3256,19936,NA,9891,7732,13976,5651,13021,7484,8790,NA,14734,13230,9943,2225,12610,NA,7997,12178,17500,2074,9787,5307,NA,5417,9015,10247,15105,19278,9149,1300,267,19921,13516,2329,17229,13199,12934,10907,11433,2508,15917,2825,19100,NA,19170,7036,8768,2910,14944,2110,12460,16827,14351,6114,17766,10477,14162,18323,2776,9732,4495,13816,148,17028
17814,10947,1224,3542,2443,1811,1576,1034,12634,8705,3938,13359,7193,14162,17846,3557,14790,11736,12546,18976,15020,3854,13280,7875,NA,1677,8806,553,19959,NA,14548,15303,1829,19863,10289,17274
12548,13839,4771,9882,18080,5154,5422,15987,19891,17677,16645,16907,13962,9285,6397,16446,NA,3020,9635,4289,12860,15677,230,3775,14652,566,17670,7472,17614,7505,13800,8495,14704,13445,3399,7153,854,19565,NA,2769,13560,11266,NA,16348,277,5596,8893,19007,2973,76,17014,10661,1600,13844,12847,16262,19889,17513,14803,11688,5009,448
443,13700,12578,1165,6520,19540,14501,4043,19104,10316,16991,7038,NA,19288,6553,13038,14676,18631,19098,10195,NA,1111,2969,17250,1834,12848,9089,19484,4791,16998,1641,7242,10582,16019,2573,14018,NA,6618,18028,19030,9015,12390,10362,4116,805,15103,17424,5223,11655,7878,333,2770,5929,672,18259,3085,1450,NA,18726,16423,8642,16606,11926,5127,14965,8657,9027,16299,4176,13617,19447
16616,424,537,2862,520,13508,7923,8166,19051,5015,5419,14584,5766,4182,19266,9579,11951,1331,19394,3483,11913,1021,2180,13665,6602,18183,10732,7377,16195,9848,9862,12707,644,13679,15611,17421,4927,9432,17534,11197,15303,10125,6584,18192,12211,7682,7020,5578
16938,7755,6762,14607,18604,8741,12985,19225,11028,3487,1551,16930,12736,235,18660,9344,NA,7565,18630,6649,2262,5798,9199,8028,16922,14626,9866,8709,12768,6804,19382,2347,2114,7277,4185,NA,6150,9125,6762,2842,10762,5046,NA,5193,4264,7732,4375,16743,5806,4829,9709,10222,4508,10922,11219,1027,15959,14410,1676,19647
9042,17151,10217,5758,9694,14580,19271,4542,10407,13623,3478,17684,1645,7102,9681,6317,2846,10230,280,5669,7758,NA,12146,6230,17776,8828,18759,10233,12410,19890,14263,1087,4379,8923,6693,17112,12092,18026,19723,17079,16994,6506,4470,2348,19374
6351,10625,9805,4003,6133,17966,15837,4850,11163,146,13428,13607,17294,3127,1282,1989,11216,13962,7797,5000,8804,12445,12434,4427,4030,4198,14690,14605,5811,11520,11262,17319,NA,9955,12599,11239,NA,567,16498,10832,942,7432,17111,18374,NA,10566,8000,19251,19132,19262,4395,2662,1012,11354,19154,6705,15628,6806,16277
19502,4217,5128,10858,15050,17258,4589,16120,18051,13129,19805,2610,12979,15461,16962,18326,19632,78,10971,14729,8616,18200,1944,6632,7438,13416,17435,9542,5698,1666,NA,18125,1480,19157,10875,15955,19110,12020,5849,17564,2340,9158,13989,580
3087,11030,6213,4509,13650,2941,14706,12606,14674,223,1333,13973,19261,4174,15287,13892,4343,835,4622,18491,17559,5403,15184,15391,8048,6433,13258,17689,13151,17005,19360,10113,15429,15544,19476,2738,3213,8478,8614,2515,8405,NA,10517,9334,10246,2883,15694,11040,15836,16071,19908,2545,3250,11298,NA,11824,8613,NA,15970,1090,10012,6468,3208,13236,11745,5785,2705
18199,9225,16177,3555,17140,12741,2189,767,822,6875,19193,9732,NA,2483,17643,11041,NA,19796,14083,9532,15454,8111,774,11696,1493,3761,NA,5432,19793,13525,11156,NA,3666,NA,2894,16886,8570,15133,14327,1115,14873,10775,14829,12489,NA,1744,9625,968,10079,11173,12992,6264,NA,839,10210,17073,2947,4028,1284,10705,8683,8421
10624,174,5757,6738,2785,8602,3642,11140,9068,19224,9318,14484,12064,11579,15946,12441,9949,2960,5532,15067,NA,4707,4496,4861,3179,3203
8356,3302,6557,12489,12737,138,4062,6434,14977,18592,6643,9040,2236,3221,17898,11743,10994,NA,13918,2429,16422,8811,11830,18089,8957,6256,14480,NA,16110,9952,14448,18576,17454,2757,5323,5871,2487,11654,17130,15201
19258,14681,14864,8679,15520,13016,540,16827,7262,10508,12045,15424,922,1052,2697,16151,5245,NA,18234,18919,3065,7026,14282,16485,7493,5344,13,11687,6187,596,10248,NA,8607,15936,9052,1173,3716,12622,4505,16843,5996,3778,2410
9989,17140,14170,12075,11043,8681,19854,3442,8893,892,16923,NA,14550,14339,2105,15395,3959,12859,17235,13522,12823,1885,19685,7208
17393,14516,10614,1217,9770,6616,6986,17925,5930,7309,5172,17051,NA,12485,18187,17490,6175,17830,4025,NA,15153,1905,14192,7413,8804,NA,4244,10201,10758,6306,15587,2966
17743,18385,9677,266,8030,2130,3610,10172,17153,12135,7355,13269,16318,4809,589,13587,13884,11263,11100,19890,2838,8550,6368,2384,19169,17704,1444,1376,2862,914,4209,6656,16060,6597,2691,5818,13446,12556,16495,5481,4432,14646,19072,15398,NA,10630,8933,3757,19868,5359,NA,15240,14141,6554,12248,17540,2698,11206,1787,13042,8765,9444,2655,15994,239,NA,7880,19997,18180,3908,9376,2286,10806
1903,6441,10105,10115,10774,19522,14928,14567,11993,1204,5175,871,NA,12876,18880,1670,12344,8936,1571,15829,2103,4059,6520,4512,2435,10487,15083,18523,768,13726,3845,NA,16325,12572,7587,18516,1615,13953,19278,14472
5992,19307,5492,11486,12132,8250,9502,5167,19170,4445,9390,3684,5070,713,17820,6044,2114,2121,16941,19867,16205,8294,13057,1178,14416,10540,15988,2195,7413,2944,322,NA,11238,13050,8722,18114,12498,8582,13065,NA,2478,NA,11310,18846,4355,19105,19775,3655,2746,7849,16528,193,18125,14148,4082,13553,4201,16398,2663,9948,18527,2530,11631,14544
266,18937,16889,12071,8956,2390,17295,7986,15448,14490,13918,16977,5899,17300,3103,NA,8669,8023,NA,19229,18628,18764,18858,2955,NA,4022,10340,17517,16460,16358,5971,16158,14828,17487,9087,NA,6729,15645,2679,3920,5880,17113,13951,2776
18167,13497,3568,12860,12864,10950,5673,17118,4745,9153,2346,687,NA,11464,11892,4451,1934,18472,9070,3719,1097,4672,5007,NA,7001,5801,12241,NA,17187,14867,NA,2425,3237,1180,18012,2305,17045,NA,15355,1302,13621,14221,15775,2030,16489,11005,8101
7977,9122,6001,15474,7894,15271,18717,17026,16004,3274,9424,18967,1490,9543,8552,8868,19696,12011,NA,12734,17049,14764,8299,16878,1047,18995,12425,NA,7316,NA,6216,15370,19865,16403,6163,8182,14304,11041,8597,12920,NA,18928,10071,1712,2352,9051,NA,18299,13120,14809,16563,14681
14729,6960,6747,16020,2841,17706,18411,1919,14273,6986,17894,842,12677,NA,852,4663,13129,355,2090,5865,1001,13218,NA,17177,14245,2079,1948,NA,17708,860,5972,12945,8756
16231,11859,10740,15670,5800,15139,10866,15619,7261,19422,8296,365,NA,14217,8127,11570,10805,12858,128,15009,9924,18539
13118,18905,7142,516,19679,5714,1242,1168,13184,14375,5765,2349,6112,10059,6445,11314,8739,10938,887,14817,9132,15423,3743,13473,1056,18488,12612,3418,12067,5451,NA,17067,18348,419,6403,19384,4416,6040,8727,4799,6296,2959,15036,18855,268,13980,15036,13286,8489,11277,11012,11746,18793,18653,7938,13099,12170,8890,1589,10192,6278,13006,13669,NA,7055,12902,309,2539,16021,18783
13357,14260,7344,3059,5035,8775,15082,5432,5614,3259,13285,916,16269,NA,16736,12916,14661,NA,7786,3029,NA,15021,5524,7933,17390,3832,5538,18124,9779,6001,2831,7939,17612,13472,9408,16174,12334,13643,19449,1220,11680,2486,5233,NA,5892,18897,16158,15207,18379,5849,7262,17701
13570,8469,7505,18582,12641,8757,6688,17139,6424,5846,6659,NA,3731,14886,4752,9962,12147,9552,16406,6815,13644,15536
2373,12048,17672,10642,10025,15783,19279,774,17941,15647,1686,NA,8997,12378,10732,10277,3955,6906,18646,16373,5413,19324,19533,4167,973,1725,17667,16715,NA,5829,17557,2221,6854,7443,5534,395,333,3249,6950
